$ANSIBLE_VAULT;1.1;AES256
66383733363764386533356337623562643139303238376333396235313436386136346137623066
6138383365393338636565366234336139656562373463620a623764653737623864313964633938
62353033303265393665363861376666306662303539356135616334643565363735313766366331
6563343136353166340a393266303961356637663534663538646433303161316539623333373937
37353862666637303130313134363866653765313265383738316337336633376666636164373562
38623037356165376430303530633837303961326632653739356531343338386632626339316339
32383038653738666139326161356634373665373430626462653764313038663466313662396363
35333933656133653130376436623239643739636463646532363465313338353239353232623339
38306335333530656530366534643635346561626566643635623331303138646432346335353362
33313533613563326135666538326231333864326234326331393234353233383162363939656339
65313362666365346566636662666139656263356465373638643134323863646335656264396664
38613364366637383934313164643135323635373863643961373264663362303664306137373533
61383732316335643937396536333431346238396536303331633238303232366266646433383563
37666433353137613532616237393964313331326135643737646362643136386236373739633062
63363134326232313038393932313761646435646536663066633764636339373139316232393332
39313630313033646261383234666336613735663335386361656263376461356331383363623265
64663838333662373435626335623837626565333431316264333035353962353839633963316639
38386365323131653865313331613331373264646133656635396533326532646535306230333437
63363463343364663162613137383930393561363162333366313863653464373337343138343433
38626233313535323135353563326565363965336233326465363564353238313662323336623933
62343765383766393465636264363937326663396639356232613935303939626538396166323239
31363035343934646438373235336132356331666365383534313439636562343165373663363132
61323737353234363063363062336563313236646239376230333135393261386463303535306435
32323766393166323831306262336133313061306339646462333966653533376435613330643731
3237
