$ANSIBLE_VAULT;1.1;AES256
63633030366130653465353862663036346362343966306332376563626335376632303666353161
3734373762323930633731613161333962343466396164360a316139663661633238316561316535
31636163323937316138626436383763646231646162653335353234393639613333656638303861
3363633463656535370a646430333338396166396164383238396331366137373838356439653665
62666465383631656534626333366335623531636631656664613838356666653839643631613136
62343232666163636538636365343231623864613333636463336130653961343830653634643835
31306662623732343062643532323866306463306338313332376536613138636434663533386666
30386661616532373766363566653965326362393866366632346463353238386633653331303335
61396639646162643665323934333233616139343865363932303861353662316363623437313531
66336266613535646233623538363262616165623332393337303831363764396164373866363133
65353333613037316364303933326164646339316464303431336132353034333133323065633665
65393766353430656239313563306261663765393538643432373832366136633061383264376337
61356463323462623530376231306261336631363933346465383364366264393064393935313036
36353065313239653062663964336665343039666663343265383533343062333862383061633236
38623237363666633939363462613561616132643337356630653335396432623561366431333834
65346364323736393634343530343433663062623931313264663063363735653432336430613830
31323139366162313463663264396339336339336464383761613261323765376235386332633364
63396330623262396537666238633736353037363333333932613734346533353738616464353838
30653732373735363764613931333838353130633963626538623331356162663935636638633863
65656635613762326566353538663932383331633662643932646231363363653461323165333865
39383735313765623862653336386631363337383634613336373363333637383331336365643335
66316338633732333037326134643539626563646638373130616565386634633962376536326266
31383035376238356632633863346662316633303539383330666365623565343335613263386466
62613334656437373538656363303838653866613537366331656436343139643066626238616137
38356539306666373366663233313238656264653662396166646238323263666262396435646563
61623230663231613139383062326632643032643162343337326333333931653561636334643063
63613765373836643438376165663264363537653966393838343231326432333835643166343564
63656531616466313632653234383662623733313266333665613061356465393530656534656236
62333237383035396363643165346338373831626463383761363338636633376434623535396133
35356634383665326138646230656466316565373361326338633964366664316139663239653238
30656466376362626137333033386239383035366565383633663730623238396264376364316438
64656163316561316438
